963968303856267270
963968303793192960
963968303768133632
963968303667478528
963968302920986630
963968302849683457
963968301033455627
963968300332998657
963968300165115904
963968299318104064
963968299125100545
963968298080788480
963968297803722752
963968297359179776
963968296512114690
963968296155602945
963968295362637824
963968294909874176
963968293508825088
963968293198430209
963968293127278594
963968293039063041
963968292997292039
963968291831209989
963968291147366401
963968290996477953
963968290862387200
963968290396823552
963968290354704384
963968290149220352
963968290006511617
963968289843105792
963968288874115072
963968288484184065
963968287234142209
963968287095840770
963968286076497921
963968286009495552
963968285459988480
963968284637855744
963968284511977472
963968283975204864
963968283920732161
963968283782258689
963968283438333952
963968282083524608
963968281206956032
963968279315472387
963968279176937473
963968278921142272
963968278879133696
963968278451208192
963968278132490240
963968278006718464
963968277906014208
963968277880778752
963968277604159488
963968277201420289
963968276756758528
963968276731703297
963968275506921472
963968275267846144
963968274055749632
963968273166499840
963968272851963906
963968271925030912
963968270729584640
963968270259777536
963968268871417856
963968268687020035
963968268498358272
963968268359884800
963968267709640705
963968267680350208
963968267542040576
963968267508486145
963968267088953345
963968266363224064
963968266245935104
963968266174689280
963968265675591681
963968265503481858
963968265222463488
963968265042190336
963968264761237504
963968264144674817
963968263762993152
963968262244618241
963968261464322048
963968260487118848
963968260231249920
963968259497365504
963968259442737152
963968258486489089
963968258415132672
963968258389897223
963968257785978881
963968257765072898
963968257093910529
963968255277916160
963968345346224128
963968345157591040
963968345144934401
963968344578666502
963968344377323520
963968342884306944
963968342452330496
963968342083194881
963968342074695680
963968341617598464
963968340749377536
963968339352662016
963968338358566913
963968338299940864
963968337834201090
963968337335156737
963968336878100481
963968336685023232
963968336584310784
963968335766605824
963968335602995202
963968335359692800
963968335183601670
963968335078658049
963968335032528898
963968334650855425
963968334021586944
963968333740613632
963968333119873024
963968332964675584
963968332344053761
963968331987369984
963968331874217985
963968331777789955
963968331689607168
963968331538550784
963968331521732608
963968331404394496
963968330183749635
963968329168965634
963968329130979329
963968328589918208
963968327608651776
963968327499489280
963968326740439040
963968323540127744
963968323531755521
963968323460280320
963968323200352258
963968322873233408
963968322630012928
963968322550272000
963968322109808640
963968320130244608
963968318033072128
963968317403877377
963968317269708801
963968317252923393
963968317105975296
963968316833398785
963968316824961024
963968315583614978
963968315558375424
963968315503685632
963968315340226560
963968315285786624
963968315239493632
963968314987855872
963968314765606912
963968314765541378
963968314686001153
963968313406644225
963968313314430976
963968313092079616
963968312647606273
963968312471314432
963968312324608000
963968312227938304
963968311800119296
963968311582081024
963968311557001216
963968311045189634
963968311011762176
963968310927749121
963968310726438912
963968310328090629
963968309770125313
963968309208154113
963968309178896385
963968308612546561
963968308591525888
963968307966734336
963968307576655872
963968307345969152
963968307148853249
963968306184105989
963968305928253440
963968305332670464
963968304682545152
963968304225320961
963968386446356480
963968385758281728
963968385175379968
963968384449720321
963968384198000640
963968383703310336
963968383262887943
963968382977572864
963968382964989952
963968382474313728
963968382352658438
963968382180691968
963968380981207041
963968380716888070
963968380578361345
963968380075167745
963968379592650752
963968379303399425
963968378129080321
963968376551899137
963968376145035265
963968375423614977
963968375415234560
963968374584823809
963968374492532736
963968373913804801
963968373703966722
963968373452345349
963968372118573057
963968372093284352
963968371070001152
963968370256334848
963968369710911488
963968369417424896
963968369274773504
963968368607870977
963968368096239616
963968368066875393
963968367983054849
963968366473072640
963968366162710528
963968365948817408
963968365046980608
963968364967112704
963968364694654976
963968364434501632
963968363985817600
963968363645911040
963968363167928320
963968362861776897
963968362693894144
963968362622668801
963968362261958656
963968360852738049
963968360420651009
963968358868815877
963968358801580032
963968358721912833
963968358205935616
963968357841108992
963968357794955265
963968356989788161
963968356918362115
963968356868149249
963968356637278208
963968356616417282
963968355349573632
963968355240763392
963968354015997952
963968353382494209
963968352958976005
963968352535359488
963968352002637826
963968350786334721
963968349897199616
963968349809139712
963968349787930624
963968348626157569
963968348043259905
963968347657273344
963968347372072960
